0.000000000000000000e+00,0.000000000000000000e+00,0.000000000000000000e+00,0.000000000000000000e+00,0.000000000000000000e+00,0.000000000000000000e+00,0.000000000000000000e+00,0.000000000000000000e+00,0.000000000000000000e+00,0.000000000000000000e+00,0.000000000000000000e+00,0.000000000000000000e+00,0.000000000000000000e+00,0.000000000000000000e+00,0.000000000000000000e+00,0.000000000000000000e+00,0.000000000000000000e+00,0.000000000000000000e+00,0.000000000000000000e+00,0.000000000000000000e+00,0.000000000000000000e+00,0.000000000000000000e+00,0.000000000000000000e+00,0.000000000000000000e+00,0.000000000000000000e+00,0.000000000000000000e+00,0.000000000000000000e+00,0.000000000000000000e+00,0.000000000000000000e+00,0.000000000000000000e+00,0.000000000000000000e+00,0.000000000000000000e+00,0.000000000000000000e+00,0.000000000000000000e+00,0.000000000000000000e+00,0.000000000000000000e+00,0.000000000000000000e+00,0.000000000000000000e+00,0.000000000000000000e+00,0.000000000000000000e+00,0.000000000000000000e+00,0.000000000000000000e+00,0.000000000000000000e+00,0.000000000000000000e+00,0.000000000000000000e+00,0.000000000000000000e+00,0.000000000000000000e+00,0.000000000000000000e+00,0.000000000000000000e+00,0.000000000000000000e+00,0.000000000000000000e+00,0.000000000000000000e+00,0.000000000000000000e+00,0.000000000000000000e+00,0.000000000000000000e+00,0.000000000000000000e+00,0.000000000000000000e+00
0.000000000000000000e+00,9.884148312266916037e-06,3.941216709790751338e-05,8.821282972348853946e-05,1.556723436806350946e-04,2.409423759672790766e-04,3.429507778491824865e-04,4.604144778568297625e-04,5.918564274907112122e-04,7.356238202191889286e-04,8.899082313291728497e-04,1.052770065143704414e-03,1.222160994075238705e-03,1.395950443111360073e-03,1.571953296661376953e-03,1.747956150211393833e-03,1.921745832078158855e-03,2.091136528179049492e-03,2.253998536616563797e-03,2.408282831311225891e-03,2.552050165832042694e-03,2.683492144569754601e-03,2.800955902785062790e-03,2.902964362874627113e-03,2.988234395161271095e-03,3.055693814530968666e-03,3.104494418948888779e-03,3.134022466838359833e-03,3.143906593322753906e-03,3.134022466838359833e-03,3.104494418948888779e-03,3.055694047361612320e-03,2.988234162330627441e-03,2.902964130043983459e-03,2.800955669954419136e-03,2.683492144569754601e-03,2.552049933001399040e-03,2.408282365649938583e-03,2.253998536616563797e-03,2.091136528179049492e-03,1.921746064908802509e-03,1.747956150211393833e-03,1.571953296661376953e-03,1.395950326696038246e-03,1.222160528413951397e-03,1.052769715897738934e-03,8.899080567061901093e-04,7.356233545579016209e-04,5.918560782447457314e-04,4.604146815836429596e-04,3.429507778491824865e-04,2.409424778306856751e-04,1.556723436806350946e-04,8.821273513603955507e-05,3.941207251045852900e-05,9.884054634312633425e-06,0.000000000000000000e+00
0.000000000000000000e+00,3.941216709790751338e-05,1.571525208419188857e-04,3.517408622428774834e-04,6.207296974025666714e-04,9.607363608665764332e-04,1.367485849186778069e-03,1.835861941799521446e-03,2.359975129365921021e-03,2.933234674856066704e-03,3.548430278897285461e-03,4.197827074676752090e-03,4.873258527368307114e-03,5.566228646785020828e-03,6.268024444580078125e-03,6.969820242375135422e-03,7.662791293114423752e-03,8.338222280144691467e-03,8.987619541585445404e-03,9.602813981473445892e-03,1.017607375979423523e-02,1.070018764585256577e-02,1.116856373846530914e-02,1.157531328499317169e-02,1.191531959921121597e-02,1.218430791050195694e-02,1.237889658659696579e-02,1.249663718044757843e-02,1.253604888916015625e-02,1.249663718044757843e-02,1.237889658659696579e-02,1.218430884182453156e-02,1.191531866788864136e-02,1.157531235367059708e-02,1.116856280714273453e-02,1.070018764585256577e-02,1.017607282847166061e-02,9.602813050150871277e-03,8.987619541585445404e-03,8.338222280144691467e-03,7.662791758775711060e-03,6.969820242375135422e-03,6.268024444580078125e-03,5.566228181123733521e-03,4.873257130384445190e-03,4.197826143354177475e-03,3.548429580405354500e-03,2.933232812210917473e-03,2.359973732382059097e-03,1.835862640291452408e-03,1.367485849186778069e-03,9.607367683202028275e-04,6.207296974025666714e-04,3.517404838930815458e-04,1.571521424921229482e-04,3.941179238609038293e-05,0.000000000000000000e+00
0.000000000000000000e+00,8.821282972348853946e-05,3.517408622428774834e-04,7.872710120864212513e-04,1.389325363561511040e-03,2.150332788005471230e-03,3.060724819079041481e-03,4.109050612896680832e-03,5.282127764075994492e-03,6.565204821527004242e-03,7.942143827676773071e-03,9.395631961524486542e-03,1.090739108622074127e-02,1.245840638875961304e-02,1.402917504310607910e-02,1.559994369745254517e-02,1.715096086263656616e-02,1.866271905601024628e-02,2.011620812118053436e-02,2.149314619600772858e-02,2.277622371912002563e-02,2.394930087029933929e-02,2.499762549996376038e-02,2.590801753103733063e-02,2.666902542114257812e-02,2.727107889950275421e-02,2.770661003887653351e-02,2.797013707458972931e-02,2.805835008621215820e-02,2.797013707458972931e-02,2.770661003887653351e-02,2.727108076214790344e-02,2.666902355849742889e-02,2.590801566839218140e-02,2.499762363731861115e-02,2.394930087029933929e-02,2.277621999382972717e-02,2.149314247071743011e-02,2.011620812118053436e-02,1.866271905601024628e-02,1.715096272528171539e-02,1.559994369745254517e-02,1.402917504310607910e-02,1.245840545743703842e-02,1.090738829225301743e-02,9.395630098879337311e-03,7.942141965031623840e-03,6.565200630575418472e-03,5.282124038785696030e-03,4.109052009880542755e-03,3.060724819079041481e-03,2.150333719328045845e-03,1.389325363561511040e-03,7.872701971791684628e-04,3.517400182317942381e-04,8.821199298836290836e-05,0.000000000000000000e+00
0.000000000000000000e+00,1.556723436806350946e-04,6.207296974025666714e-04,1.389325363561511040e-03,2.451792126521468163e-03,3.794769290834665298e-03,5.401370581239461899e-03,7.251388393342494965e-03,9.321559220552444458e-03,1.158585213124752045e-02,1.401578541845083237e-02,1.658080890774726868e-02,1.924866437911987305e-02,2.198579534888267517e-02,2.475778758525848389e-02,2.752977982163429260e-02,3.026691451668739319e-02,3.293476626276969910e-02,3.549979254603385925e-02,3.792972490191459656e-02,4.019401594996452332e-02,4.226418957114219666e-02,4.411420598626136780e-02,4.572080820798873901e-02,4.706378281116485596e-02,4.812625050544738770e-02,4.889484494924545288e-02,4.935990273952484131e-02,4.951557517051696777e-02,4.935990273952484131e-02,4.889484494924545288e-02,4.812625423073768616e-02,4.706378281116485596e-02,4.572080448269844055e-02,4.411420226097106934e-02,4.226418957114219666e-02,4.019401222467422485e-02,3.792971745133399963e-02,3.549979254603385925e-02,3.293476626276969910e-02,3.026691637933254242e-02,2.752977982163429260e-02,2.475778758525848389e-02,2.198579348623752594e-02,1.924865879118442535e-02,1.658080518245697021e-02,1.401578169316053391e-02,1.158584468066692352e-02,9.321553632616996765e-03,7.251391187310218811e-03,5.401370581239461899e-03,3.794770920649170876e-03,2.451792126521468163e-03,1.389323850162327290e-03,6.207281840033829212e-04,1.556708739371970296e-04,0.000000000000000000e+00
0.000000000000000000e+00,2.409423759672790766e-04,9.607363608665764332e-04,2.150332788005471230e-03,3.794769290834665298e-03,5.873366724699735641e-03,8.359989151358604431e-03,1.122335996478796005e-02,1.442747469991445541e-02,1.793204061686992645e-02,2.169297635555267334e-02,2.566300146281719208e-02,2.979218401014804840e-02,3.402858600020408630e-02,3.831894695758819580e-02,4.260930791497230530e-02,4.684571549296379089e-02,5.097489431500434875e-02,5.494492128491401672e-02,5.870585516095161438e-02,6.221042200922966003e-02,6.541453301906585693e-02,6.827791035175323486e-02,7.076452672481536865e-02,7.284312695264816284e-02,7.448755949735641479e-02,7.567715644836425781e-02,7.639694958925247192e-02,7.663789391517639160e-02,7.639694958925247192e-02,7.567715644836425781e-02,7.448756694793701172e-02,7.284311950206756592e-02,7.076452672481536865e-02,6.827790290117263794e-02,6.541453301906585693e-02,6.221041083335876465e-02,5.870584398508071899e-02,5.494492128491401672e-02,5.097489431500434875e-02,4.684571921825408936e-02,4.260930791497230530e-02,3.831894695758819580e-02,3.402858600020408630e-02,2.979217469692230225e-02,2.566299401223659515e-02,2.169297263026237488e-02,1.793202944099903107e-02,1.442746538668870926e-02,1.122336462140083313e-02,8.359989151358604431e-03,5.873369053006172180e-03,3.794769290834665298e-03,2.150330459699034691e-03,9.607340907678008080e-04,2.409400913165882230e-04,0.000000000000000000e+00
0.000000000000000000e+00,3.429507778491824865e-04,1.367485849186778069e-03,3.060724819079041481e-03,5.401370581239461899e-03,8.359989151358604431e-03,1.189938001334667206e-02,1.597502268850803375e-02,2.053567208349704742e-02,2.552397549152374268e-02,3.087718971073627472e-02,3.652801364660263062e-02,4.240537807345390320e-02,4.843535646796226501e-02,5.454213917255401611e-02,6.064892187714576721e-02,6.667890399694442749e-02,7.255627214908599854e-02,7.820709794759750366e-02,8.356030285358428955e-02,8.854860812425613403e-02,9.310925751924514771e-02,9.718490391969680786e-02,1.007242947816848755e-01,1.036829128861427307e-01,1.060235500335693359e-01,1.077167913317680359e-01,1.087413281202316284e-01,1.090842783451080322e-01,1.087413281202316284e-01,1.077167913317680359e-01,1.060235574841499329e-01,1.036829054355621338e-01,1.007242873311042786e-01,9.718489646911621094e-02,9.310925751924514771e-02,8.854859322309494019e-02,8.356028795242309570e-02,7.820709794759750366e-02,7.255627214908599854e-02,6.667891144752502441e-02,6.064892187714576721e-02,5.454213917255401611e-02,4.843535274267196655e-02,4.240536317229270935e-02,3.652800247073173523e-02,3.087718226015567780e-02,2.552395872771739960e-02,2.053565904498100281e-02,1.597503013908863068e-02,1.189938001334667206e-02,8.359992876648902893e-03,5.401370581239461899e-03,3.060721559450030327e-03,1.367482589557766914e-03,3.429475182201713324e-04,0.000000000000000000e+00
0.000000000000000000e+00,4.604144778568297625e-04,1.835861941799521446e-03,4.109050612896680832e-03,7.251388393342494965e-03,1.122335996478796005e-02,1.597502268850803375e-02,2.144661173224449158e-02,2.756932191550731659e-02,3.426616266369819641e-02,4.145290330052375793e-02,4.903918132185935974e-02,5.692959576845169067e-02,6.502489745616912842e-02,7.322330772876739502e-02,8.142171800136566162e-02,8.951702713966369629e-02,9.740743786096572876e-02,1.049937233328819275e-01,1.121804490685462952e-01,1.188772991299629211e-01,1.250000149011611938e-01,1.304716020822525024e-01,1.352232545614242554e-01,1.391952335834503174e-01,1.423375606536865234e-01,1.446107476949691772e-01,1.459861993789672852e-01,1.464466154575347900e-01,1.459861993789672852e-01,1.446107476949691772e-01,1.423375755548477173e-01,1.391952186822891235e-01,1.352232545614242554e-01,1.304715871810913086e-01,1.250000149011611938e-01,1.188772767782211304e-01,1.121804341673851013e-01,1.049937233328819275e-01,9.740743786096572876e-02,8.951703459024429321e-02,8.142171800136566162e-02,7.322330772876739502e-02,6.502489745616912842e-02,5.692958086729049683e-02,4.903917014598846436e-02,4.145289212465286255e-02,3.426614031195640564e-02,2.756930515170097351e-02,2.144661918282508850e-02,1.597502268850803375e-02,1.122336462140083313e-02,7.251388393342494965e-03,4.109045956283807755e-03,1.835857518017292023e-03,4.604101122822612524e-04,0.000000000000000000e+00
0.000000000000000000e+00,5.918564274907112122e-04,2.359975129365921021e-03,5.282127764075994492e-03,9.321559220552444458e-03,1.442747469991445541e-02,2.053567208349704742e-02,2.756932191550731659e-02,3.543998301029205322e-02,4.404868185520172119e-02,5.328713357448577881e-02,6.303919106721878052e-02,7.318221032619476318e-02,8.358860760927200317e-02,9.412755072116851807e-02,1.046664938330650330e-01,1.150729060173034668e-01,1.252159178256988525e-01,1.349679827690124512e-01,1.442064195871353149e-01,1.528151184320449829e-01,1.606857776641845703e-01,1.677194386720657349e-01,1.738276332616806030e-01,1.789335459470748901e-01,1.829729676246643066e-01,1.858951300382614136e-01,1.876632422208786011e-01,1.882551014423370361e-01,1.876632422208786011e-01,1.858951300382614136e-01,1.829729825258255005e-01,1.789335310459136963e-01,1.738276183605194092e-01,1.677194237709045410e-01,1.606857776641845703e-01,1.528151035308837891e-01,1.442064046859741211e-01,1.349679827690124512e-01,1.252159178256988525e-01,1.150729134678840637e-01,1.046664938330650330e-01,9.412755072116851807e-02,8.358860760927200317e-02,7.318218797445297241e-02,6.303917616605758667e-02,5.328712239861488342e-02,4.404865205287933350e-02,3.543996065855026245e-02,2.756933309137821198e-02,2.053567208349704742e-02,1.442748028784990311e-02,9.321559220552444458e-03,5.282121710479259491e-03,2.359969541430473328e-03,5.918508395552635193e-04,0.000000000000000000e+00
0.000000000000000000e+00,7.356238202191889286e-04,2.933234674856066704e-03,6.565204821527004242e-03,1.158585213124752045e-02,1.793204061686992645e-02,2.552397549152374268e-02,3.426616266369819641e-02,4.404868185520172119e-02,5.474850907921791077e-02,6.623106449842453003e-02,7.835198938846588135e-02,9.095884114503860474e-02,1.038930490612983704e-01,1.169919967651367188e-01,1.300909370183944702e-01,1.430251598358154297e-01,1.556320041418075562e-01,1.677529364824295044e-01,1.792354881763458252e-01,1.899353265762329102e-01,1.997178345918655396e-01,2.084600180387496948e-01,2.160519659519195557e-01,2.223981469869613647e-01,2.274187952280044556e-01,2.310507595539093018e-01,2.332483679056167603e-01,2.339839935302734375e-01,2.332483679056167603e-01,2.310507595539093018e-01,2.274187952280044556e-01,2.223981320858001709e-01,2.160519510507583618e-01,2.084600180387496948e-01,1.997178345918655396e-01,1.899352967739105225e-01,1.792354583740234375e-01,1.677529364824295044e-01,1.556320041418075562e-01,1.430251747369766235e-01,1.300909370183944702e-01,1.169919967651367188e-01,1.038930416107177734e-01,9.095881134271621704e-02,7.835196703672409058e-02,6.623104959726333618e-02,5.474847555160522461e-02,4.404865205287933350e-02,3.426617756485939026e-02,2.552397549152374268e-02,1.793204806745052338e-02,1.158585213124752045e-02,6.565197836607694626e-03,2.933227922767400742e-03,7.356168352998793125e-04,0.000000000000000000e+00
0.000000000000000000e+00,8.899082313291728497e-04,3.548430278897285461e-03,7.942143827676773071e-03,1.401578541845083237e-02,2.169297635555267334e-02,3.087718971073627472e-02,4.145290330052375793e-02,5.328713357448577881e-02,6.623106449842453003e-02,8.012188971042633057e-02,9.478497505187988281e-02,1.100358888506889343e-01,1.256828308105468750e-01,1.415290534496307373e-01,1.573752760887145996e-01,1.730222254991531372e-01,1.882731467485427856e-01,2.029362320899963379e-01,2.168270349502563477e-01,2.297709882259368896e-01,2.416052073240280151e-01,2.521809339523315430e-01,2.613651454448699951e-01,2.690423429012298584e-01,2.751159667968750000e-01,2.795096635818481445e-01,2.821682095527648926e-01,2.830581068992614746e-01,2.821682095527648926e-01,2.795096635818481445e-01,2.751159667968750000e-01,2.690423130989074707e-01,2.613651156425476074e-01,2.521809041500091553e-01,2.416052073240280151e-01,2.297709435224533081e-01,2.168270051479339600e-01,2.029362320899963379e-01,1.882731467485427856e-01,1.730222553014755249e-01,1.573752760887145996e-01,1.415290534496307373e-01,1.256828159093856812e-01,1.100358590483665466e-01,9.478494524955749512e-02,8.012187480926513672e-02,6.623102724552154541e-02,5.328710004687309265e-02,4.145291820168495178e-02,3.087718971073627472e-02,2.169298566877841949e-02,1.401578541845083237e-02,7.942135445773601532e-03,3.548421896994113922e-03,8.898997912183403969e-04,0.000000000000000000e+00
0.000000000000000000e+00,1.052770065143704414e-03,4.197827074676752090e-03,9.395631961524486542e-03,1.658080890774726868e-02,2.566300146281719208e-02,3.652801364660263062e-02,4.903918132185935974e-02,6.303919106721878052e-02,7.835198938846588135e-02,9.478497505187988281e-02,1.121315360069274902e-01,1.301735192537307739e-01,1.486839950084686279e-01,1.674302369356155396e-01,1.861764788627624512e-01,2.046869695186614990e-01,2.227289527654647827e-01,2.400755286216735840e-01,2.565084695816040039e-01,2.718212902545928955e-01,2.858212888240814209e-01,2.983324825763702393e-01,3.091974854469299316e-01,3.182796835899353027e-01,3.254648447036743164e-01,3.306626379489898682e-01,3.338077068328857422e-01,3.348604738712310791e-01,3.338077068328857422e-01,3.306626379489898682e-01,3.254648745059967041e-01,3.182796537876129150e-01,3.091974556446075439e-01,2.983324527740478516e-01,2.858212888240814209e-01,2.718212604522705078e-01,2.565084397792816162e-01,2.400755286216735840e-01,2.227289527654647827e-01,2.046869844198226929e-01,1.861764788627624512e-01,1.674302369356155396e-01,1.486839950084686279e-01,1.301734894514083862e-01,1.121315062046051025e-01,9.478495270013809204e-02,7.835194468498229980e-02,6.303915381431579590e-02,4.903920367360115051e-02,3.652801364660263062e-02,2.566301077604293823e-02,1.658080890774726868e-02,9.395622648298740387e-03,4.197817295789718628e-03,1.052760053426027298e-03,0.000000000000000000e+00
0.000000000000000000e+00,1.222160994075238705e-03,4.873258527368307114e-03,1.090739108622074127e-02,1.924866437911987305e-02,2.979218401014804840e-02,4.240537807345390320e-02,5.692959576845169067e-02,7.318221032619476318e-02,9.095884114503860474e-02,1.100358888506889343e-01,1.301735192537307739e-01,1.511184722185134888e-01,1.726072877645492554e-01,1.943697929382324219e-01,2.161322981119155884e-01,2.376211434602737427e-01,2.585660815238952637e-01,2.787037193775177002e-01,2.977807521820068359e-01,3.155573904514312744e-01,3.318099975585937500e-01,3.463342189788818359e-01,3.589474260807037354e-01,3.694909214973449707e-01,3.778322041034698486e-01,3.838663399219512939e-01,3.875174224376678467e-01,3.887395858764648438e-01,3.875174224376678467e-01,3.838663399219512939e-01,3.778322041034698486e-01,3.694909214973449707e-01,3.589473962783813477e-01,3.463341891765594482e-01,3.318099975585937500e-01,3.155573308467864990e-01,2.977806925773620605e-01,2.787037193775177002e-01,2.585660815238952637e-01,2.376211732625961304e-01,2.161322981119155884e-01,1.943697929382324219e-01,1.726072728633880615e-01,1.511184126138687134e-01,1.301734894514083862e-01,1.100358664989471436e-01,9.095878154039382935e-02,7.318216562271118164e-02,5.692961812019348145e-02,4.240537807345390320e-02,2.979219518601894379e-02,1.924866437911987305e-02,1.090737991034984589e-02,4.873246885836124420e-03,1.222149352543056011e-03,0.000000000000000000e+00
0.000000000000000000e+00,1.395950443111360073e-03,5.566228646785020828e-03,1.245840638875961304e-02,2.198579534888267517e-02,3.402858600020408630e-02,4.843535646796226501e-02,6.502489745616912842e-02,8.358860760927200317e-02,1.038930490612983704e-01,1.256828308105468750e-01,1.486839950084686279e-01,1.726072877645492554e-01,1.971517801284790039e-01,2.220088839530944824e-01,2.468659877777099609e-01,2.714105248451232910e-01,2.953337728977203369e-01,3.183349668979644775e-01,3.401247262954711914e-01,3.604291677474975586e-01,3.789928853511810303e-01,3.955824375152587891e-01,4.099892079830169678e-01,4.220319986343383789e-01,4.315593540668487549e-01,4.384515285491943359e-01,4.426218271255493164e-01,4.440177679061889648e-01,4.426218271255493164e-01,4.384515285491943359e-01,4.315593838691711426e-01,4.220319688320159912e-01,4.099891781806945801e-01,3.955824077129364014e-01,3.789928853511810303e-01,3.604291081428527832e-01,3.401246666908264160e-01,3.183349668979644775e-01,2.953337728977203369e-01,2.714105248451232910e-01,2.468659877777099609e-01,2.220088839530944824e-01,1.971517652273178101e-01,1.726072281599044800e-01,1.486839652061462402e-01,1.256828010082244873e-01,1.038929820060729980e-01,8.358855545520782471e-02,6.502492725849151611e-02,4.843535646796226501e-02,3.402860090136528015e-02,2.198579534888267517e-02,1.245839241892099380e-02,5.566215142607688904e-03,1.395937171764671803e-03,0.000000000000000000e+00
0.000000000000000000e+00,1.571953296661376953e-03,6.268024444580078125e-03,1.402917504310607910e-02,2.475778758525848389e-02,3.831894695758819580e-02,5.454213917255401611e-02,7.322330772876739502e-02,9.412755072116851807e-02,1.169919967651367188e-01,1.415290534496307373e-01,1.674302369356155396e-01,1.943697929382324219e-01,2.220088839530944824e-01,2.500000000000000000e-01,2.779911160469055176e-01,3.056302368640899658e-01,3.325697779655456543e-01,3.584709763526916504e-01,3.830080032348632812e-01,4.058724641799926758e-01,4.267767071723937988e-01,4.454578757286071777e-01,4.616810679435729980e-01,4.752422273159027100e-01,4.859708249568939209e-01,4.937319755554199219e-01,4.984280467033386230e-01,5.000000000000000000e-01,4.984280467033386230e-01,4.937319755554199219e-01,4.859708547592163086e-01,4.752421975135803223e-01,4.616810381412506104e-01,4.454578459262847900e-01,4.267767071723937988e-01,4.058724045753479004e-01,3.830079436302185059e-01,3.584709763526916504e-01,3.325697779655456543e-01,3.056302666664123535e-01,2.779911160469055176e-01,2.500000000000000000e-01,2.220088690519332886e-01,1.943697333335876465e-01,1.674301922321319580e-01,1.415290236473083496e-01,1.169919222593307495e-01,9.412749111652374268e-02,7.322333753108978271e-02,5.454213917255401611e-02,3.831896185874938965e-02,2.475778758525848389e-02,1.402916014194488525e-02,6.268009543418884277e-03,1.571938395500183105e-03,0.000000000000000000e+00
0.000000000000000000e+00,1.747956150211393833e-03,6.969820242375135422e-03,1.559994369745254517e-02,2.752977982163429260e-02,4.260930791497230530e-02,6.064892187714576721e-02,8.142171800136566162e-02,1.046664938330650330e-01,1.300909370183944702e-01,1.573752760887145996e-01,1.861764788627624512e-01,2.161322981119155884e-01,2.468659877777099609e-01,2.779911160469055176e-01,3.091162443161010742e-01,3.398499488830566406e-01,3.698057830333709717e-01,3.986069858074188232e-01,4.258912801742553711e-01,4.513157606124877930e-01,4.745605289936065674e-01,4.953333139419555664e-01,5.133729577064514160e-01,5.284524559974670410e-01,5.403822660446166992e-01,5.490124225616455078e-01,5.542342662811279297e-01,5.559822320938110352e-01,5.542342662811279297e-01,5.490124225616455078e-01,5.403823256492614746e-01,5.284524559974670410e-01,5.133728981018066406e-01,4.953332841396331787e-01,4.745605289936065674e-01,4.513157010078430176e-01,4.258912205696105957e-01,3.986069858074188232e-01,3.698057830333709717e-01,3.398500084877014160e-01,3.091162443161010742e-01,2.779911160469055176e-01,2.468659728765487671e-01,2.161322385072708130e-01,1.861764192581176758e-01,1.573752462863922119e-01,1.300908625125885010e-01,1.046664267778396606e-01,8.142174780368804932e-02,6.064892187714576721e-02,4.260932281613349915e-02,2.752977982163429260e-02,1.559992786496877670e-02,6.969803944230079651e-03,1.747939619235694408e-03,0.000000000000000000e+00
0.000000000000000000e+00,1.921745832078158855e-03,7.662791293114423752e-03,1.715096086263656616e-02,3.026691451668739319e-02,4.684571549296379089e-02,6.667890399694442749e-02,8.951702713966369629e-02,1.150729060173034668e-01,1.430251598358154297e-01,1.730222254991531372e-01,2.046869695186614990e-01,2.376211434602737427e-01,2.714105248451232910e-01,3.056302368640899658e-01,3.398499488830566406e-01,3.736393749713897705e-01,4.065735340118408203e-01,4.382382631301879883e-01,4.682353138923645020e-01,4.961875975131988525e-01,5.217434763908386230e-01,5.445815920829772949e-01,5.644147992134094238e-01,5.809935927391052246e-01,5.941095352172851562e-01,6.035977005958557129e-01,6.093387007713317871e-01,6.112604737281799316e-01,6.093387007713317871e-01,6.035977005958557129e-01,5.941095352172851562e-01,5.809935331344604492e-01,5.644147396087646484e-01,5.445815324783325195e-01,5.217434763908386230e-01,4.961875081062316895e-01,4.682352244853973389e-01,4.382382631301879883e-01,4.065735340118408203e-01,3.736394047737121582e-01,3.398499488830566406e-01,3.056302368640899658e-01,2.714104950428009033e-01,2.376210689544677734e-01,2.046869099140167236e-01,1.730221956968307495e-01,1.430250704288482666e-01,1.150728315114974976e-01,8.951706439256668091e-02,6.667890399694442749e-02,4.684573411941528320e-02,3.026691451668739319e-02,1.715094223618507385e-02,7.662773132324218750e-03,1.921727671287953854e-03,0.000000000000000000e+00
0.000000000000000000e+00,2.091136528179049492e-03,8.338222280144691467e-03,1.866271905601024628e-02,3.293476626276969910e-02,5.097489431500434875e-02,7.255627214908599854e-02,9.740743786096572876e-02,1.252159178256988525e-01,1.556320041418075562e-01,1.882731467485427856e-01,2.227289527654647827e-01,2.585660815238952637e-01,2.953337728977203369e-01,3.325697779655456543e-01,3.698057830333709717e-01,4.065735340118408203e-01,4.424106180667877197e-01,4.768664538860321045e-01,5.095075368881225586e-01,5.399236679077148438e-01,5.677321553230285645e-01,5.925832986831665039e-01,6.141647100448608398e-01,6.322048306465148926e-01,6.464768648147583008e-01,6.568013429641723633e-01,6.630484461784362793e-01,6.651395559310913086e-01,6.630484461784362793e-01,6.568013429641723633e-01,6.464768648147583008e-01,6.322047710418701172e-01,6.141646504402160645e-01,5.925832390785217285e-01,5.677321553230285645e-01,5.399236083030700684e-01,5.095074772834777832e-01,4.768664538860321045e-01,4.424106180667877197e-01,4.065735638141632080e-01,3.698057830333709717e-01,3.325697779655456543e-01,2.953337728977203369e-01,2.585659921169281006e-01,2.227288931608200073e-01,1.882731020450592041e-01,1.556319147348403931e-01,1.252158284187316895e-01,9.740747511386871338e-02,7.255627214908599854e-02,5.097491294145584106e-02,3.293476626276969910e-02,1.866269856691360474e-02,8.338201791048049927e-03,2.091116737574338913e-03,0.000000000000000000e+00
0.000000000000000000e+00,2.253998536616563797e-03,8.987619541585445404e-03,2.011620812118053436e-02,3.549979254603385925e-02,5.494492128491401672e-02,7.820709794759750366e-02,1.049937233328819275e-01,1.349679827690124512e-01,1.677529364824295044e-01,2.029362320899963379e-01,2.400755286216735840e-01,2.787037193775177002e-01,3.183349668979644775e-01,3.584709763526916504e-01,3.986069858074188232e-01,4.382382631301879883e-01,4.768664538860321045e-01,5.140057802200317383e-01,5.491890311241149902e-01,5.819739699363708496e-01,6.119482517242431641e-01,6.387348771095275879e-01,6.619970798492431641e-01,6.814422011375427246e-01,6.968257427215576172e-01,7.079543471336364746e-01,7.146879434585571289e-01,7.169419527053833008e-01,7.146879434585571289e-01,7.079543471336364746e-01,6.968258023262023926e-01,6.814421415328979492e-01,6.619970202445983887e-01,6.387348175048828125e-01,6.119482517242431641e-01,5.819739103317260742e-01,5.491889119148254395e-01,5.140057802200317383e-01,4.768664538860321045e-01,4.382383227348327637e-01,3.986069858074188232e-01,3.584709763526916504e-01,3.183349370956420898e-01,2.787036299705505371e-01,2.400754541158676147e-01,2.029361873865127563e-01,1.677528321743011475e-01,1.349678933620452881e-01,1.049937680363655090e-01,7.820709794759750366e-02,5.494494363665580750e-02,3.549979254603385925e-02,2.011618763208389282e-02,8.987598121166229248e-03,2.253977116197347641e-03,0.000000000000000000e+00
0.000000000000000000e+00,2.408282831311225891e-03,9.602813981473445892e-03,2.149314619600772858e-02,3.792972490191459656e-02,5.870585516095161438e-02,8.356030285358428955e-02,1.121804490685462952e-01,1.442064195871353149e-01,1.792354881763458252e-01,2.168270349502563477e-01,2.565084695816040039e-01,2.977807521820068359e-01,3.401247262954711914e-01,3.830080032348632812e-01,4.258912801742553711e-01,4.682353138923645020e-01,5.095075368881225586e-01,5.491890311241149902e-01,5.867805480957031250e-01,6.218096017837524414e-01,6.538355946540832520e-01,6.824557185173034668e-01,7.073101997375488281e-01,7.280862927436828613e-01,7.445228695869445801e-01,7.564132213592529297e-01,7.636077404022216797e-01,7.660160064697265625e-01,7.636077404022216797e-01,7.564132213592529297e-01,7.445229291915893555e-01,7.280862331390380859e-01,7.073101401329040527e-01,6.824556589126586914e-01,6.538355946540832520e-01,6.218095421791076660e-01,5.867804288864135742e-01,5.491890311241149902e-01,5.095075368881225586e-01,4.682353436946868896e-01,4.258912801742553711e-01,3.830080032348632812e-01,3.401246964931488037e-01,2.977806627750396729e-01,2.565084099769592285e-01,2.168269902467727661e-01,1.792353689670562744e-01,1.442063301801681519e-01,1.121804937720298767e-01,8.356030285358428955e-02,5.870587751269340515e-02,3.792972490191459656e-02,2.149312198162078857e-02,9.602791629731655121e-03,2.408260013908147812e-03,0.000000000000000000e+00
0.000000000000000000e+00,2.552050165832042694e-03,1.017607375979423523e-02,2.277622371912002563e-02,4.019401594996452332e-02,6.221042200922966003e-02,8.854860812425613403e-02,1.188772991299629211e-01,1.528151184320449829e-01,1.899353265762329102e-01,2.297709882259368896e-01,2.718212902545928955e-01,3.155573904514312744e-01,3.604291677474975586e-01,4.058724641799926758e-01,4.513157606124877930e-01,4.961875975131988525e-01,5.399236679077148438e-01,5.819739699363708496e-01,6.218096017837524414e-01,6.589298248291015625e-01,6.928676366806030273e-01,7.231963276863098145e-01,7.495345473289489746e-01,7.715509533882141113e-01,7.889686822891235352e-01,8.015688657760620117e-01,8.091928958892822266e-01,8.117449283599853516e-01,8.091928958892822266e-01,8.015688657760620117e-01,7.889687418937683105e-01,7.715508937835693359e-01,7.495344877243041992e-01,7.231962680816650391e-01,6.928676366806030273e-01,6.589297056198120117e-01,6.218094825744628906e-01,5.819739699363708496e-01,5.399236679077148438e-01,4.961876273155212402e-01,4.513157606124877930e-01,4.058724641799926758e-01,3.604291379451751709e-01,3.155573010444641113e-01,2.718212306499481201e-01,2.297709286212921143e-01,1.899351924657821655e-01,1.528150290250778198e-01,1.188773438334465027e-01,8.854860812425613403e-02,6.221044436097145081e-02,4.019401594996452332e-02,2.277619950473308563e-02,1.017604954540729523e-02,2.552025951445102692e-03,0.000000000000000000e+00
0.000000000000000000e+00,2.683492144569754601e-03,1.070018764585256577e-02,2.394930087029933929e-02,4.226418957114219666e-02,6.541453301906585693e-02,9.310925751924514771e-02,1.250000149011611938e-01,1.606857776641845703e-01,1.997178345918655396e-01,2.416052073240280151e-01,2.858212888240814209e-01,3.318099975585937500e-01,3.789928853511810303e-01,4.267767071723937988e-01,4.745605289936065674e-01,5.217434763908386230e-01,5.677321553230285645e-01,6.119482517242431641e-01,6.538355946540832520e-01,6.928676366806030273e-01,7.285534143447875977e-01,7.604441642761230469e-01,7.881389260292053223e-01,8.112892508506774902e-01,8.296040892601013184e-01,8.428532481193542480e-01,8.508698940277099609e-01,8.535534143447875977e-01,8.508698940277099609e-01,8.428532481193542480e-01,8.296041488647460938e-01,8.112891912460327148e-01,7.881388664245605469e-01,7.604441046714782715e-01,7.285534143447875977e-01,6.928675770759582520e-01,6.538354754447937012e-01,6.119482517242431641e-01,5.677321553230285645e-01,5.217435359954833984e-01,4.745605289936065674e-01,4.267767071723937988e-01,3.789928555488586426e-01,3.318099081516265869e-01,2.858212292194366455e-01,2.416051626205444336e-01,1.997177153825759888e-01,1.606856882572174072e-01,1.250000596046447754e-01,9.310925751924514771e-02,6.541456282138824463e-02,4.226418957114219666e-02,2.394927479326725006e-02,1.070016156882047653e-02,2.683466766029596329e-03,0.000000000000000000e+00
0.000000000000000000e+00,2.800955902785062790e-03,1.116856373846530914e-02,2.499762549996376038e-02,4.411420598626136780e-02,6.827791035175323486e-02,9.718490391969680786e-02,1.304716020822525024e-01,1.677194386720657349e-01,2.084600180387496948e-01,2.521809339523315430e-01,2.983324825763702393e-01,3.463342189788818359e-01,3.955824375152587891e-01,4.454578757286071777e-01,4.953333139419555664e-01,5.445815920829772949e-01,5.925832986831665039e-01,6.387348771095275879e-01,6.824557185173034668e-01,7.231963276863098145e-01,7.604441642761230469e-01,7.937308549880981445e-01,8.226378560066223145e-01,8.468015789985656738e-01,8.659180998802185059e-01,8.797472119331359863e-01,8.881148099899291992e-01,8.909157514572143555e-01,8.881148099899291992e-01,8.797472119331359863e-01,8.659181594848632812e-01,8.468015193939208984e-01,8.226377964019775391e-01,7.937307953834533691e-01,7.604441642761230469e-01,7.231962084770202637e-01,6.824555993080139160e-01,6.387348771095275879e-01,5.925832986831665039e-01,5.445816516876220703e-01,4.953333139419555664e-01,4.454578757286071777e-01,3.955824077129364014e-01,3.463340997695922852e-01,2.983323931694030762e-01,2.521808743476867676e-01,2.084598988294601440e-01,1.677193343639373779e-01,1.304716467857360840e-01,9.718490391969680786e-02,6.827793270349502563e-02,4.411420598626136780e-02,2.499759942293167114e-02,1.116853673011064529e-02,2.800929360091686249e-03,0.000000000000000000e+00
0.000000000000000000e+00,2.902964362874627113e-03,1.157531328499317169e-02,2.590801753103733063e-02,4.572080820798873901e-02,7.076452672481536865e-02,1.007242947816848755e-01,1.352232545614242554e-01,1.738276332616806030e-01,2.160519659519195557e-01,2.613651454448699951e-01,3.091974854469299316e-01,3.589474260807037354e-01,4.099892079830169678e-01,4.616810679435729980e-01,5.133729577064514160e-01,5.644147992134094238e-01,6.141647100448608398e-01,6.619970798492431641e-01,7.073101997375488281e-01,7.495345473289489746e-01,7.881389260292053223e-01,8.226378560066223145e-01,8.525976538658142090e-01,8.776413798332214355e-01,8.974541425704956055e-01,9.117867946624755859e-01,9.204591512680053711e-01,9.233621358871459961e-01,9.204591512680053711e-01,9.117867946624755859e-01,8.974542021751403809e-01,8.776413202285766602e-01,8.525975942611694336e-01,8.226377964019775391e-01,7.881389260292053223e-01,7.495344281196594238e-01,7.073100805282592773e-01,6.619970798492431641e-01,6.141647100448608398e-01,5.644148588180541992e-01,5.133729577064514160e-01,4.616810679435729980e-01,4.099891781806945801e-01,3.589473068714141846e-01,3.091973960399627686e-01,2.613650858402252197e-01,2.160518169403076172e-01,1.738275289535522461e-01,1.352233141660690308e-01,1.007242947816848755e-01,7.076455652713775635e-02,4.572080820798873901e-02,2.590799145400524139e-02,1.157528534531593323e-02,2.902936888858675957e-03,0.000000000000000000e+00
0.000000000000000000e+00,2.988234395161271095e-03,1.191531959921121597e-02,2.666902542114257812e-02,4.706378281116485596e-02,7.284312695264816284e-02,1.036829128861427307e-01,1.391952335834503174e-01,1.789335459470748901e-01,2.223981469869613647e-01,2.690423429012298584e-01,3.182796835899353027e-01,3.694909214973449707e-01,4.220319986343383789e-01,4.752422273159027100e-01,5.284524559974670410e-01,5.809935927391052246e-01,6.322048306465148926e-01,6.814422011375427246e-01,7.280862927436828613e-01,7.715509533882141113e-01,8.112892508506774902e-01,8.468015789985656738e-01,8.776413798332214355e-01,9.034206867218017578e-01,9.238154292106628418e-01,9.385691285133361816e-01,9.474962353706359863e-01,9.504844546318054199e-01,9.474962353706359863e-01,9.385691285133361816e-01,9.238154888153076172e-01,9.034206271171569824e-01,8.776413202285766602e-01,8.468015193939208984e-01,8.112892508506774902e-01,7.715508341789245605e-01,7.280861735343933105e-01,6.814422011375427246e-01,6.322048306465148926e-01,5.809936523437500000e-01,5.284524559974670410e-01,4.752422273159027100e-01,4.220319688320159912e-01,3.694908320903778076e-01,3.182795941829681396e-01,2.690422832965850830e-01,2.223980128765106201e-01,1.789334267377853394e-01,1.391952931880950928e-01,1.036829128861427307e-01,7.284315675497055054e-02,4.706378281116485596e-02,2.666899748146533966e-02,1.191529165953397751e-02,2.988205989822745323e-03,0.000000000000000000e+00
0.000000000000000000e+00,3.055693814530968666e-03,1.218430791050195694e-02,2.727107889950275421e-02,4.812625050544738770e-02,7.448755949735641479e-02,1.060235500335693359e-01,1.423375606536865234e-01,1.829729676246643066e-01,2.274187952280044556e-01,2.751159667968750000e-01,3.254648447036743164e-01,3.778322041034698486e-01,4.315593540668487549e-01,4.859708249568939209e-01,5.403822660446166992e-01,5.941095352172851562e-01,6.464768648147583008e-01,6.968257427215576172e-01,7.445228695869445801e-01,7.889686822891235352e-01,8.296040892601013184e-01,8.659180998802185059e-01,8.974541425704956055e-01,9.238154292106628418e-01,9.446705579757690430e-01,9.597573280334472656e-01,9.688859581947326660e-01,9.719416499137878418e-01,9.688859581947326660e-01,9.597573280334472656e-01,9.446706175804138184e-01,9.238153696060180664e-01,8.974540829658508301e-01,8.659180402755737305e-01,8.296040892601013184e-01,7.889685630798339844e-01,7.445227503776550293e-01,6.968257427215576172e-01,6.464768648147583008e-01,5.941095948219299316e-01,5.403822660446166992e-01,4.859708249568939209e-01,4.315593242645263672e-01,3.778320848941802979e-01,3.254647552967071533e-01,2.751159071922302246e-01,2.274186462163925171e-01,1.829728633165359497e-01,1.423376202583312988e-01,1.060235500335693359e-01,7.448758929967880249e-02,4.812625050544738770e-02,2.727105095982551575e-02,1.218427903950214386e-02,3.055664710700511932e-03,0.000000000000000000e+00
0.000000000000000000e+00,3.104494418948888779e-03,1.237889658659696579e-02,2.770661003887653351e-02,4.889484494924545288e-02,7.567715644836425781e-02,1.077167913317680359e-01,1.446107476949691772e-01,1.858951300382614136e-01,2.310507595539093018e-01,2.795096635818481445e-01,3.306626379489898682e-01,3.838663399219512939e-01,4.384515285491943359e-01,4.937319755554199219e-01,5.490124225616455078e-01,6.035977005958557129e-01,6.568013429641723633e-01,7.079543471336364746e-01,7.564132213592529297e-01,8.015688657760620117e-01,8.428532481193542480e-01,8.797472119331359863e-01,9.117867946624755859e-01,9.385691285133361816e-01,9.597573280334472656e-01,9.750850796699523926e-01,9.843594431877136230e-01,9.874639511108398438e-01,9.843594431877136230e-01,9.750850796699523926e-01,9.597573876380920410e-01,9.385690689086914062e-01,9.117867350578308105e-01,8.797471523284912109e-01,8.428532481193542480e-01,8.015687465667724609e-01,7.564131021499633789e-01,7.079543471336364746e-01,6.568013429641723633e-01,6.035977602005004883e-01,5.490124225616455078e-01,4.937319755554199219e-01,4.384514987468719482e-01,3.838662207126617432e-01,3.306625485420227051e-01,2.795096039772033691e-01,2.310506105422973633e-01,1.858950108289718628e-01,1.446108072996139526e-01,1.077167913317680359e-01,7.567718625068664551e-02,4.889484494924545288e-02,2.770658023655414581e-02,1.237886678427457809e-02,3.104465082287788391e-03,0.000000000000000000e+00
0.000000000000000000e+00,3.134022466838359833e-03,1.249663718044757843e-02,2.797013707458972931e-02,4.935990273952484131e-02,7.639694958925247192e-02,1.087413281202316284e-01,1.459861993789672852e-01,1.876632422208786011e-01,2.332483679056167603e-01,2.821682095527648926e-01,3.338077068328857422e-01,3.875174224376678467e-01,4.426218271255493164e-01,4.984280467033386230e-01,5.542342662811279297e-01,6.093387007713317871e-01,6.630484461784362793e-01,7.146879434585571289e-01,7.636077404022216797e-01,8.091928958892822266e-01,8.508698940277099609e-01,8.881148099899291992e-01,9.204591512680053711e-01,9.474962353706359863e-01,9.688859581947326660e-01,9.843594431877136230e-01,9.937220811843872070e-01,9.968560934066772461e-01,9.937220811843872070e-01,9.843594431877136230e-01,9.688860177993774414e-01,9.474961757659912109e-01,9.204590916633605957e-01,8.881147503852844238e-01,8.508698940277099609e-01,8.091927766799926758e-01,7.636076211929321289e-01,7.146879434585571289e-01,6.630484461784362793e-01,6.093387603759765625e-01,5.542342662811279297e-01,4.984280467033386230e-01,4.426217973232269287e-01,3.875173032283782959e-01,3.338076174259185791e-01,2.821681499481201172e-01,2.332482188940048218e-01,1.876631230115890503e-01,1.459862589836120605e-01,1.087413281202316284e-01,7.639697939157485962e-02,4.935990273952484131e-02,2.797010727226734161e-02,1.249660737812519073e-02,3.133992664515972137e-03,0.000000000000000000e+00
